说话者分离结果：
[{'/home/rise/qiutzh/service-audio2text-tools/data/audio_tempdata_0418/4b2568d4-ab93-11ee-9b5d-b30f2649e394.wav': [[0.57, 1.49, 0], [4.46, 6.17, 0], [6.57, 7.45, 1], [8.38, 9.56, 1], [12.22, 13.07, 1], [13.59, 14.55, 1], [14.84, 15.64, 1], [17.52, 33.3, 0], [33.68, 40.24, 0], [40.66, 44.52, 0], [46.01, 46.85, 1]]}]
语音识别结果：
[['宝贝，明天，', [0.68, 1.405], 0], ['然后呃在妈妈这边', [4.67, 6.015], 0], ['的苦，你对陪后', [6.6, 9.395], 1], ['还要痛，不在乎你把哈', [12.31, 15.435], 1], ['喂哎你好，舒成爸爸好的那我稍后把那个喂哎你好，我这边是瑞思英语的课程老师，爸爸是给宝贝预约的，试听课是今天下午六点钟准时开始。然后您这边记得提前带宝贝过来就可以。爸爸。嗯嗯，好的好的，嗯，对，然后那个详细的地址，我微信发给您了，就是在大剧院地铁站这边。嗯，好的好的，嗯，行，好的，那晚上见哈，嗯，拜拜', [17.77, 44.195], 0], ['一。', [46.22, 46.555], 1]]


----------------------------------------------------------- 分割粒度太粗
问题：
1. 说话人id识别划分不正确，只聚类一个类别
2. 角色分割粒度太粗 - 分析segmention、cluster哪个模块影响的

说话者分离结果：
[{'/home/rise/qiutzh/service-audio2text-tools/data/audio_tempdata_0418/b6b4bb28-d153-11ee-a758-d71e97cf9d82.wav': [[8.11, 14.14, 0], [14.85, 18.35, 0], [18.91, 25.16, 0], [26.2, 37.69, 0], [38.04, 52.33, 0], [53.44, 68.61, 0], [70.07, 74.33, 0], [74.75, 86.78, 0], [87.06, 90.99, 0], [92.33, 118.64, 0], [119.77, 129.24, 0], [129.52, 131.36, 0], [132.32, 136.88, 0], [137.16, 158.8, 0], [159.28, 161.53, 0], [161.81, 165.22, 0], [165.5, 171.57, 0], [173.17, 179.58, 0], [179.86, 189.49, 0], [190.48, 217.53, 0], [218.82, 234.26, 0], [234.84, 243.98, 0], [244.73, 261.84, 0], [262.12, 307.09, 0], [307.42, 347.44, 0], [347.72, 352.55, 0], [352.83, 355.14, 0], [355.66, 392.02, 0], [393.18, 430.62, 0], [431.13, 437.32, 0], [438.11, 446.46, 0], [447.24, 480.75, 0], [481.46, 493.8, 0], [494.08, 500.16, 0], [501.52, 507.24, 0], [508.09, 510.07, 0], [511.0, 519.2, 0], [520.2, 523.86, 0], [524.14, 530.41, 0], [531.61, 533.63, 0], [534.64, 553.82, 0], [554.1, 565.1, 0], [565.97, 569.83, 0], [575.7, 576.49, 0]]}]
语音识别结果：
[['哎，你好，喂，哎，董敏妈妈，你好，我这边是瑞思教育行业语城校区老师。嗯，行，哎，这回可以听到是吧？对，现在可以了哦。对对对，我看咱们打电话有想要说了解这边的情况吗？哦，对，因为那个就是我们现在回北京了嘛，然后就想就是因为年前有联系过，就是我们有转课嘛。嗯然后现在呃就是回来可以上课了，就想问一下音乐课。呃，我们这边课程时间的话，呃，咱们现在是已经安排出来了。因为咱们这边学员正式上课，学员比较多，我们六百多在读学员，所以整体安排的时间呢会在呃周中的白天。嗯，哦咱们白天这会儿接送呃，可以吗？就是能有家长帮小朋友送过来。呃，白天的话就是看一下是周几啊，嗯稍等啊，我帮咱看一下，现在这个时间安排。嗯，咱们这一期的安排的话，嗯，是周五的下午三点半到五点，然后和下周周三、周四的三点半到五点。这个时间咱们一共会安排两期，然后我们在这两期之中选四天过来就行。哦，那他就是比如说有这个课程的具体的内容介绍之类的吧，就是包括课时，然后还有上课的内容之类的，有吗？呃，这个上课内容的话，我们没有去特意去发这个东西。因为每金你这部部分小朋友呢，咱们都是单独的去安排课程的。因为这部分小朋友曾经年纪也都不大，所以基本上都是从零基础开始的。哦哦，那那就就是说他那个美吉姆的话，就只只有这两个可以选是吧？然后都是参加的这个固定的。呃，您是说时间吗？还是嗯就是你说是这周和下周有开课的吗？这都是选的这些是吧？哦，对的对的，就咱们这边转课的话，我看咱们不是转了八，用美吉姆的八课时，转了咱们这边的八课时嘛。对，嗯，然后转到这边呢是四十五分钟一课时，但是来一次是一个半小时，所以就是来一次两课时啊，就等于说咱们一共来四次就可以了。对对对，当然我看一下咱们嗯，哦您说就这一个班的话，是有多少小朋友？呃，这个小朋友人数不定，主要会看一下咱们呃美金工转课的孩子情况', [8.34, 171.285], 0], ['哦，就现在还不确定一个班有多少孩子是吧？嗯，主要就是看每一天，因为我们呃我们会发布这个时间表，然后去在群里面接龙，看哪些小朋友要来。但是基本上呢咱们过来就十个小朋友之内。哦，行，那那有什么琴之类的，你能把我拉进去吗？然后我这个这个没问，直接在里边报就行了。嗯嗯，对，这个没问题，我一会儿拉您就行。然后咱们这边呢也看一下咱们这块对孩子的学习安排，咱们对于多名就是英语这块是怎么计划的。咱们是想着说呃也是有计划给他找一个班，让他长期学，还是说咱们怎么给孩子打好算的呀？嗯，就是他现在是在启蒙嘛，应该是三岁多。嗯，然后现在基本上是在培养兴趣哦，孩子的基础的话，就是现在能认识五十到一百个左右的单词之类的吧。嗯，然后是有这个方面的规划的对。如果说小朋友我看三岁半了，能认识这么多单词，确实还挺厉害的。能看出爸爸妈妈在家应该是很重视孩子语言发展的。嗯，对，因为这个我们平时也在教，嗯，就是然后也也对，就是也有就是反正就是有这方面的想法和规划吧。嗯，然后就先去上一下，看看你们这边是什么样的情况。因为我不知道具体的授课内容，授课方式，包括就是嗯就是老师的风格什么之类的，现在都不太清楚啊。嗯嗯，啊这个没问题，我可以跟您介绍一下，就是咱们因为瑞思本身就是做少儿英语的，咱们主要针对年龄呢也是两岁十个月到十二岁的正式课的小朋友。然后这部分呢他会根据孩子的年龄以及基础去进行匹配。一般呢呃小朋友这一块可能没有太多基础的，咱们还是就是整体风格是以美式课堂的形式为主。但因为三岁的小朋友，他中文表达能力基本上都已经比较好了，自己的想法也能表达清楚。所以我们也不会说就开始单独教孩子单词，而是最开始教孩子应用，把词汇融入到场景之中，去培养孩子生活中。常见这种常见的场景的句子交流、互动表达。呃，然后老师的风格呢很呃像低龄段小朋友的老师呢都是非常非常有亲和力的，而且非常活泼开朗的这种性格。因为本身咱们老师特别是全英吗？还是说就是呃还是说就是中英结合的，呃，咱们正式课的话都是全英文的。当然如果说小朋友，比如说他们刚刚来可能有一些小朋友对于英文课堂指令不太熟悉，那老师也会用中文去跟他们说一下，上课之前我们要怎么去做。如果说孩子有什么需求，那他们要怎么去做？这款会用中文，那他们一般个制课的话都是英文讲的。嗯，那美吉姆的这几次课呢呃也都是一样呀，因为都是就是给孩子们上的，其实都是正式课的内容。只不过说这一部分小朋友呢是单独安排老师单独安排时间给孩子们去上的。因为毕竟咱们哦明白了，不可能说给小朋友插到我们正式班级上，这样对对他上的这个内容和形式跟你们正式课都一样，只不过就班不同是吧？对对对，就是上课的课件呀、内容呀、形式啊，都是和我们正式课是一样的。对，只不过就是单独独这这部分小小友一块儿过来上课。哦，行，那我明白了。那我就到时候先带孩子去这个体验一下吧。然后那个时间的话，就你把我拉群里，然后我直接在群里接龙就行了，是吧？哦，这个没问题，我一会加您这个手机号能添加到是吧？嗯嗯，行行，我一会儿加您，就是刚才跟您说这个呢，问一下您的规划，是因为咱们这边现在是有这样两种方案。如果说咱们有就是让孩子长期学的这个计划呢，那我们可以就是呃上一下觉得不错，然后去报我们这边的正式课。然后咱们这八次课时呢，是可以抵五百到一千不等的这个现金减免。如果说咱们后面再去报的话，可能就是正正价去报，就没有这个福利了啊。我到时候去店里，到时候再具体咨询吧。因为现在厂里面有，就我也没法在店啊，可以可以，没问题。对，然后也是想着嗯嗯，我一会定，我下周五是吗？呃，咱们课程时间的话，如果说我们这两天时间可以过来，我们咋了？我看啊，咱们明天就也有课，明天下午三点半也有课的哦。行，那你待会发我吧。然后我看一下，如果我要上的话，我就那个我我就约课啊。嗯嗯，没问题，但咱们要注意一下，因为我们这边就是排课，他就排两期，所以说咱们就看一下，就是白天能过来就尽量过来。嗯，就过了这两期，后边就没有机会了，是吗？对，后面就不会再安排了。就是整体时间呢，就是大概在二月份二月末，二十三、二十八、二十九，然后这是第一期。然后咱们第二期呢，就是在大概四五月份的时间哦，就是说如果这一期上不完，那八节的话就等到四五月份再上了，是吧？对对对哦，行，那我明白了。嗯，就是咱们白天就是下午三点半到五点，这个时间就是可以给家长送过来的，这个确实很重要。嗯，哦哦嗯，就是下周五是吧？本如果说本周五这周这周五就有的哈，对，这周五和下周三四，这周五和下周三四。嗯，那你把那具体时间发给我吧，因为我得看一下我这个工作安排啊。行行没问题，我一会儿会加您微信的，这个您放心。然后也是想跟您了解一下，咱们小朋友就是独立课这块怎么样。因为咱们正式上课的话，都是一次一个半小时，都是孩子自己去上的。嗯，独立课没有问题，然后他也上过行行没问题，主要还是以孩子舒服为主。嗯嗯，行行，那我这边加您微信，我一会儿给咱们拉群。嗯，好的，嗯，唉好嗯，好嘞好嘞，再见好，再见。', [173.44, 569.725], 0], ['一。', [575.89, 576.205], 0]]
